16777472,16778239,000000000000000000000091
16842752,16843007,000000000000000000000091
247726080,247758847,000000000000000000000145
462684160,462815231,000000000000000000000091
462880768,462913535,000000000000000000000091
463142912,463241215,000000000000000000000091
605028352,605421567,000000000000000000000079
605437952,605454335,000000000000000000000081
605454336,606076927,000000000000000000000079
610271232,612368383,000000000000000000000079
620232704,620265471,000000000000000000000091
620363776,620388351,000000000000000000000091
620411392,620462079,000000000000000000000091
666173440,666206207,000000000000000000000079
666501120,666517503,000000000000000000000081
666550272,666566655,000000000000000000000081
666599424,666615807,000000000000000000000079
666730496,666746879,000000000000000000000081
666746880,666755071,000000000000000000000079
666845184,666861567,000000000000000000000079
704675840,704708607,000000000000000000000079
704722944,704723967,000000000000000000000091
710103040,710104063,000000000000000000000091
710962176,710963199,000000000000000000000091
712507392,712638463,000000000000000000000079
720831360,720831487,000000000000000000000145
974520320,974528511,000000000000000000000091
974532608,974536703,000000000000000000000091
974544896,974553087,000000000000000000000091
977403904,977410559,000000000000000000000145
977412864,977414143,000000000000000000000145
977422336,977422591,000000000000000000000145
977461248,977463295,000000000000000000000145
978497536,978501631,000000000000000000000079
978509824,978513919,000000000000000000000079
978796544,978812927,000000000000000000000081
979632128,979763199,000000000000000000000079
985921536,985923583,000000000000000000000079
986578944,986587135,000000000000000000000145
986628096,986636287,000000000000000000000079
992678780,992678783,000000000000000000000091
992680192,992680447,000000000000000000000079
992680728,992680767,000000000000000000000091
992690464,992690467,000000000000000000000079
992692736,992692863,000000000000000000000091
993525760,993574911,000000000000000000000091
993787904,993788927,000000000000000000000091
993878016,993902591,000000000000000000000091
994934784,994943999,000000000000000000000091
994946048,994946559,000000000000000000000091
994951168,994967551,000000000000000000000091
995065856,995066367,000000000000000000000079
995066880,995068927,000000000000000000000079
995073024,995074047,000000000000000000000079
995074560,995074815,000000000000000000000079
995074816,995082239,000000000000000000000081
995083008,995098623,000000000000000000000091
997171200,997174271,000000000000000000000081
1002373120,1002373631,000000000000000000000145
1002383360,1002384383,000000000000000000000145
1002385664,1002386175,000000000000000000000145
1002388736,1002389247,000000000000000000000145
1002389504,1002391551,000000000000000000000145
1007419392,1007423487,000000000000000000000079
1007427584,1007432191,000000000000000000000081
1007452160,1007456255,000000000000000000000079
1007471616,1007472895,000000000000000000000079
1007476736,1007484927,000000000000000000000079
1018167296,1018298367,000000000000000000000079
1018429440,1018560511,000000000000000000000081
1018822656,1018888191,000000000000000000000079
1019101184,1019115519,000000000000000000000081
1019142144,1019183103,000000000000000000000079
1020088320,1020091391,000000000000000000000079
1020119040,1020120063,000000000000000000000091
1023344640,1023345407,000000000000000000000145
1023346432,1023346943,000000000000000000000145
1023347456,1023348735,000000000000000000000145
1023348992,1023350015,000000000000000000000145
1023350528,1023350783,000000000000000000000145
1023351040,1023351551,000000000000000000000145
1023352832,1023363071,000000000000000000000145
1023363328,1023377407,000000000000000000000145
1023377664,1023410175,000000000000000000000145
1023693824,1023694847,000000000000000000000091
1031929856,1031932927,000000000000000000000079
1031935488,1031938047,000000000000000000000081
1031944832,1031944959,000000000000000000000079
1031960064,1031960575,000000000000000000000081
1031960576,1031964671,000000000000000000000079
1031966720,1031968767,000000000000000000000081
1031995392,1032001535,000000000000000000000091
1032015872,1032020991,000000000000000000000091
1032519680,1032527359,000000000000000000000145
1032529152,1032529266,000000000000000000000145
1032535296,1032542719,000000000000000000000145
1032547584,1032551679,000000000000000000000145
1033437184,1033439743,000000000000000000000079
1033439744,1033441279,000000000000000000000081
1033443328,1033445375,000000000000000000000081
1033445632,1033445887,000000000000000000000081
1033447936,1033449471,000000000000000000000081
1033460736,1033461759,000000000000000000000079
1033463808,1033465855,000000000000000000000081
1033467904,1033469951,000000000000000000000079
1033482240,1033483263,000000000000000000000081
1033502720,1033512959,000000000000000000000091
1033541376,1033545215,000000000000000000000091
1033699328,1033723903,000000000000000000000145
1033731584,1033732095,000000000000000000000145
1034158080,1034174463,000000000000000000000079
1034182656,1034200575,000000000000000000000081
1034824704,1034827775,000000000000000000000081
1034829824,1034830847,000000000000000000000079
1034831872,1034832895,000000000000000000000081
1034838016,1034840063,000000000000000000000081
1034846208,1034854399,000000000000000000000079
1034858496,1034862591,000000000000000000000081
1034914816,1034915839,000000000000000000000081
1034919936,1034924031,000000000000000000000079
1034924288,1034924543,000000000000000000000079
1034926080,1034928127,000000000000000000000081
1034928128,1034930175,000000000000000000000079
1034931712,1034934783,000000000000000000000081
1035730944,1035733503,000000000000000000000145
1035734784,1035736063,000000000000000000000145
1035776000,1035777023,000000000000000000000145
1035793408,1035793663,000000000000000000000145
1038634496,1038634751,000000000000000000000079
1038635264,1038635775,000000000000000000000079
1038636288,1038636543,000000000000000000000079
1038637824,1038638079,000000000000000000000091
1038641152,1038641663,000000000000000000000091
1038668800,1038669247,000000000000000000000145
1038669312,1038670335,000000000000000000000145
1038790656,1038791935,000000000000000000000079
1038792704,1038793215,000000000000000000000079
1038793472,1038793727,000000000000000000000081
1038793984,1038794239,000000000000000000000079
1038794496,1038794751,000000000000000000000079
1038794752,1038795775,000000000000000000000091
1038795928,1038795935,000000000000000000000091
1038796032,1038798591,000000000000000000000091
1038798657,1038798847,000000000000000000000091
1038803328,1038803455,000000000000000000000091
1038803712,1038803727,000000000000000000000091
1038907392,1038909439,000000000000000000000145
1038913792,1038914047,000000000000000000000145
1038915072,1038915583,000000000000000000000145
1038944768,1038945023,000000000000000000000145
1038945152,1038945215,000000000000000000000145
1038950384,1038950387,000000000000000000000079
1038959240,1038959243,000000000000000000000079
1038966272,1038966527,000000000000000000000145
1038972804,1038972819,000000000000000000000091
1038973128,1038973135,000000000000000000000145
1038973232,1038973235,000000000000000000000091
1038973348,1038973351,000000000000000000000091
1038973564,1038973571,000000000000000000000145
1038973576,1038973579,000000000000000000000091
1038973620,1038973623,000000000000000000000091
1038973640,1038973643,000000000000000000000079
1038974048,1038974051,000000000000000000000145
1039221248,1039221503,000000000000000000000079
1039221760,1039225599,000000000000000000000079
1039253504,1039261695,000000000000000000000091
1039339008,1039339263,000000000000000000000145
1694673920,1694674943,000000000000000000000091
1697583104,1697587199,000000000000000000000079
1698758656,1698824191,000000000000000000000081
1698897920,1698906111,000000000000000000000079
1698922496,1698938879,000000000000000000000079
1698940928,1698992127,000000000000000000000079
1699049472,1699053567,000000000000000000000079
1699062784,1699065855,000000000000000000000079
1699067904,1699086335,000000000000000000000079
1699110912,1699147775,000000000000000000000079
1699158016,1699184639,000000000000000000000079
1699201024,1699217407,000000000000000000000079
1703067648,1703075839,000000000000000000000091
1707868160,1708130303,000000000000000000000145
1728390144,1728391167,000000000000000000000079
1744177152,1744178175,000000000000000000000079
1786380288,1786445823,000000000000000000000091
1850408960,1850490879,000000000000000000000079
1850769408,1850802175,000000000000000000000091
1850933248,1850949631,000000000000000000000091
1851031552,1851064319,000000000000000000000091
1851072512,1851080703,000000000000000000000091
1851203584,1851211775,000000000000000000000091
1851228160,1851244543,000000000000000000000091
1851269120,1851293695,000000000000000000000091
1851359232,1851375615,000000000000000000000091
1851383808,1851424767,000000000000000000000091
1851441152,1851523071,000000000000000000000091
1853227774,1853228045,000000000000000000000081
1853228535,1853234686,000000000000000000000081
1853235200,1853243391,000000000000000000000079
1853620224,1853644799,000000000000000000000091
1853665280,1853669375,000000000000000000000091
1853671424,1853673471,000000000000000000000091
1853675922,1853677567,000000000000000000000091
1853749248,1853751295,000000000000000000000091
1856880640,1856888831,000000000000000000000079
1857552384,1857683455,000000000000000000000145
1857814528,1857839103,000000000000000000000145
1857848320,1857863679,000000000000000000000145
1857968384,1857970175,000000000000000000000145
1858011136,1858043903,000000000000000000000145
1858052096,1858076671,000000000000000000000145
1859584000,1859616767,000000000000000000000145
1859624960,1859649535,000000000000000000000145
1862270976,1862336511,000000000000000000000079
1862337536,1862340863,000000000000000000000081
1862340864,1862342655,000000000000000000000079
1862342656,1862344703,000000000000000000000081
1862344704,1862348799,000000000000000000000079
1862348800,1862349823,000000000000000000000081
1862349824,1862350847,000000000000000000000079
1862361088,1862369279,000000000000000000000081
1862385664,1862402047,000000000000000000000081
1862434816,1862443007,000000000000000000000081
1862860800,1862877183,000000000000000000000145
1862891520,1862897663,000000000000000000000145
1862901760,1862905855,000000000000000000000145
1862906624,1862908927,000000000000000000000145
1862912000,1862914047,000000000000000000000145
1862915072,1862918540,000000000000000000000145
1862919127,1862921215,000000000000000000000145
1862921728,1862924287,000000000000000000000145
1870667776,1870675967,000000000000000000000091
1871585280,1871587327,000000000000000000000091
1871601664,1871605759,000000000000000000000091
1871609856,1871612927,000000000000000000000091
1871654912,1871655935,000000000000000000000091
1871656960,1871662079,000000000000000000000091
1871712256,1871716351,000000000000000000000091
1871847424,1871855615,000000000000000000000091
1871949824,1871953919,000000000000000000000091
1871958016,1871962111,000000000000000000000091
1877274624,1877274879,000000000000000000000079
1879398400,1879400447,000000000000000000000091
1879408640,1879416831,000000000000000000000091
1879422976,1879441407,000000000000000000000091
1879703552,1879769087,000000000000000000000079
1879867392,1879900159,000000000000000000000081
1879982080,1879998463,000000000000000000000081
1886322688,1886339071,000000000000000000000091
1887371264,1887436799,000000000000000000000079
1891696640,1891762175,000000000000000000000145
1891814656,1891814911,000000000000000000000145
1891872768,1891876863,000000000000000000000145
1893662720,1893670911,000000000000000000000079
1893671445,1893673449,000000000000000000000079
1893673454,1893680258,000000000000000000000079
1893682724,1893700746,000000000000000000000079
1893700750,1893706466,000000000000000000000079
1893709692,1893728255,000000000000000000000079
1897005056,1897070591,000000000000000000000091
1899380736,1899429887,000000000000000000000145
1899609120,1899609151,000000000000000000000145
1899749376,1899750399,000000000000000000000091
1909850112,1909981183,000000000000000000000079
1914486784,1914501119,000000000000000000000079
1920058368,1920060415,000000000000000000000079
1920073728,1920081919,000000000000000000000091
1920104715,1920106239,000000000000000000000079
1920108032,1920108287,000000000000000000000091
1920118784,1920122879,000000000000000000000091
1920138752,1920138783,000000000000000000000091
1936193536,1936195583,000000000000000000000081
1937510400,1937514495,000000000000000000000079
1940400896,1940401151,000000000000000000000079
1940409344,1940409599,000000000000000000000091
1940411648,1940411655,000000000000000000000145
1941962752,1942552575,000000000000000000000079
1942749184,1942945791,000000000000000000000079
1943666688,1943797759,000000000000000000000081
1943863296,1944059903,000000000000000000000081
1944477696,1944484863,000000000000000000000079
1944518656,1944715263,000000000000000000000079
1944715264,1944846335,000000000000000000000081
1944846336,1944895487,000000000000000000000079
1944977408,1945010175,000000000000000000000079
1945035264,1945035519,000000000000000000000081
1945096192,1945100287,000000000000000000000079
1952026624,1952030719,000000000000000000000079
1959534592,1959538687,000000000000000000000079
1959585792,1959591935,000000000000000000000079
1959641088,1959641343,000000000000000000000091
1959641600,1959642879,000000000000000000000091
1959643648,1959645183,000000000000000000000091
1959645440,1959646719,000000000000000000000091
1959648000,1959654207,000000000000000000000091
1959654240,1959656447,000000000000000000000091
1962622976,1962639359,000000000000000000000079
1962835968,1962841343,000000000000000000000145
1962847744,1962848511,000000000000000000000145
1962852096,1962852351,000000000000000000000145
1962855426,1962855679,000000000000000000000145
1964572672,1964605439,000000000000000000000091
1964720128,1964728319,000000000000000000000091
1964736512,1964744703,000000000000000000000091
1964761088,1964769279,000000000000000000000091
1964818432,1964828671,000000000000000000000091
1964830976,1964833023,000000000000000000000091
1964833792,1964875775,000000000000000000000091
1964965888,1964974079,000000000000000000000091
1964998656,1965006847,000000000000000000000091
1965015040,1965031423,000000000000000000000091
1966112768,1966125055,000000000000000000000091
1971849728,1971849983,000000000000000000000079
1971849984,1971850239,000000000000000000000091
1971851008,1971851263,000000000000000000000145
1972043776,1972051448,000000000000000000000145
1972051506,1972051928,000000000000000000000145
1972051968,1972056063,000000000000000000000145
1972057111,1972057176,000000000000000000000145
1972058112,1972059135,000000000000000000000145
1972059648,1972060415,000000000000000000000145
1972060567,1972062207,000000000000000000000145
1972062464,1972062719,000000000000000000000145
1972070656,1972071167,000000000000000000000145
1972072448,1972073471,000000000000000000000145
1972075008,1972077171,000000000000000000000145
1972077222,1972077284,000000000000000000000145
1972077306,1972082171,000000000000000000000145
1972082176,1972085915,000000000000000000000145
1972086237,1972097250,000000000000000000000145
1972098432,1972109311,000000000000000000000145
1972568064,1972600831,000000000000000000000081
1972633600,1972649983,000000000000000000000079
1974206464,1974222847,000000000000000000000145
1974247424,1974251519,000000000000000000000145
1974263808,1974271999,000000000000000000000145
1974288384,1974295551,000000000000000000000145
1974305792,1974308863,000000000000000000000145
1974325760,1974328319,000000000000000000000145
1974353920,1974370303,000000000000000000000145
1974506496,1974507519,000000000000000000000145
1981691904,1981693951,000000000000000000000081
1981700096,1981700351,000000000000000000000079
1981726720,1981730815,000000000000000000000081
1985265028,1985265047,000000000000000000000091
1985265104,1985265111,000000000000000000000079
1985265112,1985265115,000000000000000000000091
1985736704,1985740799,000000000000000000000079
1987051520,1987346431,000000000000000000000145
1987641344,1987641855,000000000000000000000145
1987645440,1987649535,000000000000000000000145
1987653632,1987657727,000000000000000000000145
1987662080,1987663871,000000000000000000000145
1987680256,1987688447,000000000000000000000145
1987721216,1987723980,000000000000000000000145
1987725312,1987727359,000000000000000000000145
1987727616,1987727871,000000000000000000000145
1987728128,1987739647,000000000000000000000145
1987744768,1987747839,000000000000000000000145
1987750912,1987751935,000000000000000000000145
1987765504,1987767295,000000000000000000000145
1987768320,1987769343,000000000000000000000145
1987770880,1987771135,000000000000000000000145
1987803136,1987803647,000000000000000000000145
1987813376,1987837951,000000000000000000000145
1992409088,1992421375,000000000000000000000145
1992421646,1992425471,000000000000000000000145
1996750848,1996816383,000000000000000000000145
1996881920,1996892159,000000000000000000000145
1996893184,1996894207,000000000000000000000145
1996895744,1996896255,000000000000000000000145
1996897280,1996912639,000000000000000000000145
1996913152,1996913663,000000000000000000000145
1996914176,1996915711,000000000000000000000145
1996916224,1996916479,000000000000000000000145
1996917248,1996917503,000000000000000000000145
1996918272,1996918527,000000000000000000000145
1996919296,1996919551,000000000000000000000145
1996931072,1996943871,000000000000000000000145
1996944384,1996944895,000000000000000000000145
1996945152,1996947455,000000000000000000000145
1997006592,1997012991,000000000000000000000145
1998962688,1999011839,000000000000000000000079
1999032320,1999036415,000000000000000000000079
1999298560,1999302655,000000000000000000000079
1999303168,1999304703,000000000000000000000079
1999380992,1999381247,000000000000000000000145
1999446784,1999486975,000000000000000000000145
1999487232,1999503359,000000000000000000000145
2015363072,2015395839,000000000000000000000091
2015559680,2015576063,000000000000000000000091
2015625216,2015657983,000000000000000000000091
2015821824,2015838207,000000000000000000000091
2015887360,2015920127,000000000000000000000091
2015952896,2016018431,000000000000000000000091
2017522688,2017523199,000000000000000000000145
2017689600,2017722367,000000000000000000000091
2019295232,2019327999,000000000000000000000091
2019329024,2019330047,000000000000000000000091
2019336192,2019344383,000000000000000000000091
2019357440,2019357695,000000000000000000000079
2019358208,2019358719,000000000000000000000079
2019426304,2019430399,000000000000000000000145
2019432448,2019442687,000000000000000000000145
2019475456,2019483647,000000000000000000000145
2019485696,2019491839,000000000000000000000145
2021679104,2021681151,000000000000000000000079
2021681152,2021683199,000000000000000000000081
2021720320,2021724163,000000000000000000000079
2021730304,2021732353,000000000000000000000081
2021744640,2021748735,000000000000000000000079
2021804032,2021808127,000000000000000000000145
2021811200,2021812991,000000000000000000000145
2021814272,2021818367,000000000000000000000145
2025915392,2025916927,000000000000000000000079
2025918464,2025920511,000000000000000000000079
2025922560,2025926655,000000000000000000000081
2026307584,2026323967,000000000000000000000079
2026332160,2026340351,000000000000000000000081
2028746752,2028747775,000000000000000000000091
2030047232,2030051327,000000000000000000000079
2032422912,2032427007,000000000000000000000091
2032443392,2032447487,000000000000000000000091
2032719872,2032721151,000000000000000000000079
2032726016,2032727807,000000000000000000000091
2032728064,2032754687,000000000000000000000091
2032757760,2032758271,000000000000000000000091
2032760064,2032761343,000000000000000000000091
2032761600,2032762367,000000000000000000000091
2032762880,2032763135,000000000000000000000079
2032776192,2032776447,000000000000000000000079
2032777216,2032777471,000000000000000000000079
2032777472,2032778751,000000000000000000000081
2032778752,2032779263,000000000000000000000079
2032787456,2032788991,000000000000000000000091
2032791808,2032792575,000000000000000000000091
2032793088,2032793599,000000000000000000000091
2033065984,2033074175,000000000000000000000081
2033192960,2033193215,000000000000000000000145
2033193472,2033193727,000000000000000000000145
2033193984,2033196799,000000000000000000000145
2033197056,2033198079,000000000000000000000145
2033198848,2033199103,000000000000000000000145
2033211392,2033212415,000000000000000000000145
2033212672,2033212927,000000000000000000000145
2033213184,2033217791,000000000000000000000145
2033218048,2033218303,000000000000000000000145
2033221632,2033225727,000000000000000000000145
2033226752,2033254399,000000000000000000000145
2033264640,2033287167,000000000000000000000145
2033293824,2033295359,000000000000000000000145
2033508352,2033516543,000000000000000000000079
2034701312,2034701567,000000000000000000000091
2034711808,2034714623,000000000000000000000091
2034715648,2034722815,000000000000000000000091
2034724864,2034726143,000000000000000000000091
2042626816,2042628095,000000000000000000000079
2042628096,2042628351,000000000000000000000081
2042628608,2042628863,000000000000000000000079
2042629120,2042629375,000000000000000000000079
2042629632,2042630143,000000000000000000000079
2042632192,2042633471,000000000000000000000079
2042638848,2042641407,000000000000000000000079
2043091968,2043150335,000000000000000000000079
2043215872,2043216127,000000000000000000000091
2043240448,2043248639,000000000000000000000091
2043412480,2043445247,000000000000000000000091
2043658240,2043674623,000000000000000000000091
2047787776,2047788031,000000000000000000000145
2050002944,2050003199,000000000000000000000091
2050004480,2050004735,000000000000000000000091
2050007038,2050007039,000000000000000000000091
2050014720,2050015231,000000000000000000000091
2052390912,2052407295,000000000000000000000079
2052415488,2052423679,000000000000000000000081
2052505600,2052521983,000000000000000000000081
2052554752,2052562943,000000000000000000000079
2052718592,2052784127,000000000000000000000091
2061516800,2061565951,000000000000000000000079
2061598720,2061625343,000000000000000000000079
2061625856,2061626879,000000000000000000000081
2061762560,2061828095,000000000000000000000081
2061828096,2061893631,000000000000000000000079
2062090240,2062286847,000000000000000000000079
2062417920,2062614527,000000000000000000000081
2067439616,2067447807,000000000000000000000079
2067529728,2067595263,000000000000000000000081
2067595264,2067603455,000000000000000000000091
2067628032,2067644415,000000000000000000000091
2067652608,2067656703,000000000000000000000079
2068185088,2068189183,000000000000000000000145
2068202496,2068205567,000000000000000000000145
2068215808,2068229119,000000000000000000000145
2068234240,2068242431,000000000000000000000145
2068260864,2068263935,000000000000000000000145
2068272896,2068273151,000000000000000000000145
2068283392,2068283903,000000000000000000000145
2068284160,2068284415,000000000000000000000145
2068286464,2068287487,000000000000000000000145
2068288768,2068289023,000000000000000000000145
2068290560,2068290624,000000000000000000000145
2068291114,2068291448,000000000000000000000145
2068291584,2068291685,000000000000000000000145
2068295680,2068301823,000000000000000000000145
2068302083,2068302091,000000000000000000000145
2068302336,2068303359,000000000000000000000145
2068308992,2068310015,000000000000000000000145
2068310272,2068310527,000000000000000000000145
2068311040,2068311807,000000000000000000000145
2068312064,2068313599,000000000000000000000145
2068314112,2068314623,000000000000000000000145
2068315136,2068316159,000000000000000000000145
2068971520,2068978687,000000000000000000000091
2068978786,2069026815,000000000000000000000091
2069030912,2069037055,000000000000000000000091
2073690112,2073755647,000000000000000000000081
2073905152,2073907199,000000000000000000000079
2073925632,2073927679,000000000000000000000079
2073935872,2073944063,000000000000000000000079
2073960448,2073968639,000000000000000000000079
2074012672,2074013695,000000000000000000000079
2074017792,2074083327,000000000000000000000081
2079933440,2079933695,000000000000000000000145
2079933952,2079934463,000000000000000000000145
2079937536,2079938047,000000000000000000000145
2079943424,2079948799,000000000000000000000145
2079965184,2079973375,000000000000000000000091
2079978752,2079981567,000000000000000000000091
2080197888,2080200703,000000000000000000000091
2080212992,2080215039,000000000000000000000091
2081325056,2081333247,000000000000000000000145
2081468416,2081469695,000000000000000000000091
2081800192,2081813247,000000000000000000000091
2085093376,2085105663,000000000000000000000091
2085146624,2085158911,000000000000000000000091
2086273024,2086338559,000000000000000000000079
2086400000,2086404095,000000000000000000000079
2090057728,2090059007,000000000000000000000145
2090059520,2090063359,000000000000000000000145
2090066688,2090068479,000000000000000000000145
2090606592,2090615551,000000000000000000000091
2090615808,2090616319,000000000000000000000091
2090617344,2090617599,000000000000000000000091
2090619648,2090619903,000000000000000000000091
2090620160,2090620415,000000000000000000000091
2090622976,2090623231,000000000000000000000079
2090627072,2090631167,000000000000000000000081
2090631168,2090634751,000000000000000000000079
2090635008,2090635263,000000000000000000000079
2090651648,2090653695,000000000000000000000081
2090659840,2090661887,000000000000000000000081
2090860544,2090872831,000000000000000000000079
2090874880,2090876927,000000000000000000000079
2090877440,2090881023,000000000000000000000079
2090882048,2090882303,000000000000000000000079
2090883136,2090884351,000000000000000000000079
2090884608,2090885119,000000000000000000000079
2090885120,2090887295,000000000000000000000081
2090887296,2090887423,000000000000000000000079
2090887424,2090887715,000000000000000000000081
2090887716,2090893311,000000000000000000000079
2090901504,2090909695,000000000000000000000079
2090909696,2090910719,000000000000000000000081
2090913792,2090926079,000000000000000000000079
2090926080,2090926847,000000000000000000000145
2090927104,2090927615,000000000000000000000145
2090927872,2090928639,000000000000000000000145
2090929408,2090929663,000000000000000000000145
2090929920,2090930687,000000000000000000000145
2090930944,2090932735,000000000000000000000145
2090932992,2090934527,000000000000000000000145
2090935296,2090936319,000000000000000000000145
2090938112,2090938367,000000000000000000000145
2090941952,2090946559,000000000000000000000145
2090950656,2090951167,000000000000000000000145
2090953216,2090953727,000000000000000000000145
2090954496,2090954751,000000000000000000000145
2090955520,2090955775,000000000000000000000145
2090956800,2090957823,000000000000000000000145
2090958336,2090958847,000000000000000000000145
2090959872,2090960895,000000000000000000000145
2090963968,2090964479,000000000000000000000145
2090972160,2090973183,000000000000000000000145
2090986496,2090987519,000000000000000000000145
2090988544,2090988799,000000000000000000000145
2090990592,2090990847,000000000000000000000145
2091670016,2091670271,000000000000000000000145
2091674624,2091679487,000000000000000000000145
2091689728,2091689983,000000000000000000000145
2091705344,2091705855,000000000000000000000145
2091706108,2091706367,000000000000000000000145
2091759616,2091761663,000000000000000000000145
2091774720,2091774975,000000000000000000000145
2091775232,2091775487,000000000000000000000145
2099712960,2099712991,000000000000000000000145
2099769120,2099769151,000000000000000000000145
2101346304,2101357567,000000000000000000000145
2101616640,2101616895,000000000000000000000145
2101622784,2101623295,000000000000000000000145
2101673984,2101714943,000000000000000000000145
2101731328,2101870591,000000000000000000000145
2102198272,2102231039,000000000000000000000091
2104229888,2104426495,000000000000000000000081
2104885248,2105212927,000000000000000000000079
2110914560,2110980095,000000000000000000000079
2111113216,2111115263,000000000000000000000091
2111201280,2111209471,000000000000000000000145
2345140224,2345213951,000000000000000000000145
2345217024,2345664511,000000000000000000000145
2363506688,2363555839,000000000000000000000091
2364391424,2364399615,000000000000000000000091
2364735488,2364801023,000000000000000000000091
2682424320,2682425343,000000000000000000000145
2874671104,2874736639,000000000000000000000145
2874843136,2874851327,000000000000000000000145
2874893312,2874900479,000000000000000000000145
2874941440,2874949631,000000000000000000000145
2874968064,2874986495,000000000000000000000145
2874990592,2874998783,000000000000000000000145
2875047936,2875064319,000000000000000000000145
2875088896,2875097087,000000000000000000000145
2875113472,2875162623,000000000000000000000145
2875170816,2875179007,000000000000000000000145
2882587648,2882732031,000000000000000000000145
2882813952,2882895871,000000000000000000000145
2882945024,2882994175,000000000000000000000145
2883059712,2883583999,000000000000000000000145
2938765312,2938781695,000000000000000000000091
2945974272,2946039807,000000000000000000000145
2946041344,2946043903,000000000000000000000145
2946050048,2946052095,000000000000000000000145
2946054144,2946056191,000000000000000000000145
2946058240,2946060287,000000000000000000000145
2946062336,2946066431,000000000000000000000145
2946067456,2946068479,000000000000000000000145
2946070528,2946072575,000000000000000000000145
2946076672,2946080767,000000000000000000000145
2946091008,2946097151,000000000000000000000145
2946199552,2946200831,000000000000000000000145
3025403904,3025420287,000000000000000000000145
3025444864,3025453055,000000000000000000000145
3025469440,3025502207,000000000000000000000145
3025756160,3025764351,000000000000000000000091
3025862656,3025895423,000000000000000000000145
3056664576,3056730111,000000000000000000000081
3059482624,3059548159,000000000000000000000079
3062038528,3062054911,000000000000000000000145
3062116352,3062120447,000000000000000000000145
3062497280,3062562815,000000000000000000000145
3062596672,3062596703,000000000000000000000145
3062596736,3062596767,000000000000000000000145
3062640640,3062657023,000000000000000000000145
3062661120,3062693887,000000000000000000000145
3062857728,3062861055,000000000000000000000145
3062861312,3062956031,000000000000000000000145
3062988800,3063021567,000000000000000000000145
3063070720,3063087103,000000000000000000000145
3063152640,3063414783,000000000000000000000145
3063742464,3063807999,000000000000000000000091
3078619136,3078750207,000000000000000000000079
3078750208,3078881279,000000000000000000000081
3079184384,3079192575,000000000000000000000079
3079199744,3079204863,000000000000000000000079
3079204864,3079208959,000000000000000000000081
3079208960,3079274495,000000000000000000000079
3079274496,3079405567,000000000000000000000081
3080454144,3080716287,000000000000000000000079
3084648448,3084681215,000000000000000000000145
3084705280,3084746751,000000000000000000000145
3084759040,3084761087,000000000000000000000145
3084763136,3084765183,000000000000000000000145
3084771328,3084779519,000000000000000000000145
3086286848,3086319615,000000000000000000000081
3086352384,3086360575,000000000000000000000079
3086368768,3086376959,000000000000000000000081
3086385152,3086385153,000000000000000000000081
3086409728,3086414847,000000000000000000000081
3086417920,3086450687,000000000000000000000081
3086450688,3086467071,000000000000000000000079
3086516224,3086532607,000000000000000000000081
3086565376,3086573567,000000000000000000000081
3086618624,3086621695,000000000000000000000091
3086637056,3086645247,000000000000000000000091
3086646272,3086647295,000000000000000000000091
3086649344,3086651391,000000000000000000000091
3086657536,3086667775,000000000000000000000091
3086680064,3086684159,000000000000000000000091
3086688256,3086692351,000000000000000000000091
3086696448,3086700543,000000000000000000000091
3086744576,3086745599,000000000000000000000091
3389418496,3389418751,000000000000000000000091
3389522432,3389523455,000000000000000000000091
3390332416,3390332927,000000000000000000000091
3391659520,3391660031,000000000000000000000091
3392111104,3392111359,000000000000000000000091
3393966080,3393970175,000000000000000000000079
3394698240,3394699263,000000000000000000000091
3395018752,3395026943,000000000000000000000079
3395313664,3395315455,000000000000000000000079
3395316224,3395316479,000000000000000000000081
3395318784,3395319039,000000000000000000000081
3395319040,3395319551,000000000000000000000079
3395319808,3395320319,000000000000000000000081
3395320320,3395320831,000000000000000000000079
3395321344,3395321599,000000000000000000000079
3395321600,3395321855,000000000000000000000081
3395363548,3395363551,000000000000000000000145
3395363960,3395363963,000000000000000000000145
3395363968,3395363975,000000000000000000000145
3395364040,3395364047,000000000000000000000079
3395364076,3395364083,000000000000000000000145
3395364084,3395364087,000000000000000000000079
3395364580,3395364583,000000000000000000000145
3395364608,3395364611,000000000000000000000145
3395364690,3395364715,000000000000000000000145
3395364824,3395364871,000000000000000000000145
3395364892,3395364911,000000000000000000000145
3395364932,3395364951,000000000000000000000091
3395365160,3395365163,000000000000000000000145
3395365508,3395365515,000000000000000000000091
3395365572,3395365579,000000000000000000000145
3395365884,3395365903,000000000000000000000091
3395366564,3395366567,000000000000000000000145
3395366760,3395366763,000000000000000000000145
3395371768,3395371771,000000000000000000000145
3395372852,3395372859,000000000000000000000091
3395444736,3395448063,000000000000000000000145
3395448256,3395449855,000000000000000000000145
3395450624,3395454975,000000000000000000000145
3395455232,3395455487,000000000000000000000145
3395456512,3395457535,000000000000000000000145
3395460608,3395460863,000000000000000000000145
3395641344,3395643135,000000000000000000000091
3395646432,3395646447,000000000000000000000091
3395646464,3395647231,000000000000000000000091
3395649280,3395651071,000000000000000000000091
3395651584,3395652607,000000000000000000000091
3395653376,3395653631,000000000000000000000091
3395654912,3395655167,000000000000000000000091
3395657728,3395659519,000000000000000000000079
3395659776,3395660287,000000000000000000000079
3395660800,3395661311,000000000000000000000079
3395661312,3395661567,000000000000000000000081
3395663872,3395664127,000000000000000000000079
3395664640,3395664895,000000000000000000000079
3395665408,3395665919,000000000000000000000079
3396059136,3396063231,000000000000000000000079
3396064768,3396065279,000000000000000000000079
3396065280,3396067327,000000000000000000000081
3396067360,3396067583,000000000000000000000079
3396067840,3396068351,000000000000000000000079
3396074752,3396075007,000000000000000000000079
3396190208,3396194303,000000000000000000000091
3396194496,3396194559,000000000000000000000091
3396197120,3396197375,000000000000000000000091
3396341248,3396342015,000000000000000000000145
3396344320,3396344575,000000000000000000000079
3396534272,3396575231,000000000000000000000145
3396583424,3396599807,000000000000000000000145
3397350400,3397351423,000000000000000000000091
3397351424,3397351935,000000000000000000000145
3398616064,3398617087,000000000000000000000091
3399875328,3399876607,000000000000000000000091
3405944832,3405946367,000000000000000000000091
3405989888,3405990399,000000000000000000000091
3406008064,3406008319,000000000000000000000091
3406115840,3406116863,000000000000000000000091
3406208256,3406208511,000000000000000000000091
3406531840,3406532607,000000000000000000000091
3406541824,3406542847,000000000000000000000091
3406548992,3406550015,000000000000000000000091
3406577920,3406578431,000000000000000000000091
3406817280,3406819839,000000000000000000000091
3406820864,3406821119,000000000000000000000091
3406826496,3406827007,000000000000000000000091
3406956288,3406956543,000000000000000000000091
3407008512,3407008767,000000000000000000000091
3407031296,3407032063,000000000000000000000091
3407034880,3407035135,000000000000000000000091
3407081984,3407082239,000000000000000000000091
3407185920,3407186431,000000000000000000000091
3407236608,3407236863,000000000000000000000091
3407240192,3407241215,000000000000000000000091
3407247872,3407248383,000000000000000000000091
3407318016,3407318527,000000000000000000000091
3407329792,3407330047,000000000000000000000091
3407384832,3407385087,000000000000000000000091
3407418112,3407418879,000000000000000000000091
3407523072,3407523327,000000000000000000000091
3407533568,3407533823,000000000000000000000091
3407575296,3407576063,000000000000000000000091
3407655424,3407655935,000000000000000000000091
3407738880,3407739135,000000000000000000000091
3407747840,3407748095,000000000000000000000091
3407763200,3407763455,000000000000000000000091
3411054592,3411055615,000000000000000000000091
3411876352,3411876607,000000000000000000000091
3411902464,3411902975,000000000000000000000091
3411920896,3411921151,000000000000000000000145
3411933696,3411934207,000000000000000000000079
3412264960,3412267007,000000000000000000000091
3414231040,3414233087,000000000000000000000091
3418251264,3418255359,000000000000000000000091
3419386880,3419387391,000000000000000000000145
3419389184,3419389439,000000000000000000000145
3419405056,3419405567,000000000000000000000079
3419405584,3419405599,000000000000000000000081
3419405600,3419406335,000000000000000000000079
3419535360,3419536383,000000000000000000000079
3420393472,3420395519,000000000000000000000091
3524009216,3524009471,000000000000000000000145
3524016384,3524016639,000000000000000000000145
3524017152,3524017407,000000000000000000000145
3524017664,3524017919,000000000000000000000145
3524032768,3524033279,000000000000000000000145
3524060672,3524060927,000000000000000000000145
3524116480,3524117503,000000000000000000000091
3524118784,3524119039,000000000000000000000091
3524200448,3524200959,000000000000000000000079
3524202752,3524203007,000000000000000000000081
3524203520,3524203775,000000000000000000000079
3524204544,3524204799,000000000000000000000091
3524204800,3524205055,000000000000000000000079
3524205312,3524205567,000000000000000000000081
3524207872,3524208127,000000000000000000000091
3524209664,3524209919,000000000000000000000081
3524214784,3524215295,000000000000000000000145
3524215296,3524215551,000000000000000000000079
3524215552,3524215807,000000000000000000000091
3524215808,3524231167,000000000000000000000145
3524304896,3524308991,000000000000000000000091
3524706816,3524707071,000000000000000000000079
3525312512,3525319679,000000000000000000000079
3525320704,3525325823,000000000000000000000079
3525326848,3525328895,000000000000000000000081
3525328896,3525329919,000000000000000000000079
3525330944,3525331967,000000000000000000000079
3525335040,3525336063,000000000000000000000081
3525341184,3525365759,000000000000000000000079
3525378048,3525380095,000000000000000000000079
3525381120,3525382143,000000000000000000000079
3525387264,3525389311,000000000000000000000079
3525389312,3525390335,000000000000000000000081
3525391360,3525392383,000000000000000000000081
3525393408,3525395455,000000000000000000000079
3525395456,3525396479,000000000000000000000081
3525396480,3525398527,000000000000000000000079
3525400576,3525403135,000000000000000000000079
3525404672,3525407231,000000000000000000000079
3525407744,3525412863,000000000000000000000079
3525413888,3525414655,000000000000000000000079
3525415936,3525419007,000000000000000000000079
3525419008,3525421055,000000000000000000000081
3525421056,3525423103,000000000000000000000079
3525451776,3525474303,000000000000000000000091
3525488640,3525496831,000000000000000000000091
3525498880,3525499903,000000000000000000000091
3525502976,3525505023,000000000000000000000091
3525918720,3525920767,000000000000000000000145
3525922816,3525931007,000000000000000000000145
3525950464,3525951487,000000000000000000000145
3525955584,3525963775,000000000000000000000145
3526574592,3526574847,000000000000000000000079
3526615112,3526615199,000000000000000000000079
3526615264,3526615295,000000000000000000000081
3526615296,3526615551,000000000000000000000079
3526615608,3526615623,000000000000000000000079
3526615808,3526615871,000000000000000000000079
3526615968,3526615999,000000000000000000000079
3526616576,3526617087,000000000000000000000079
3526617856,3526618111,000000000000000000000079
3526619384,3526619387,000000000000000000000079
3526620320,3526620351,000000000000000000000079
3526621856,3526621951,000000000000000000000081
3526639808,3526639871,000000000000000000000145
3526641024,3526641055,000000000000000000000091
3526641088,3526641135,000000000000000000000091
3526641144,3526641151,000000000000000000000091
3526641536,3526641599,000000000000000000000091
3526641648,3526641727,000000000000000000000091
3526642432,3526642687,000000000000000000000145
3526642688,3526642943,000000000000000000000091
3526643016,3526643199,000000000000000000000091
3526643200,3526643455,000000000000000000000145
3526643704,3526643967,000000000000000000000091
3526644816,3526644863,000000000000000000000091
3526644868,3526644991,000000000000000000000091
3526645952,3526646015,000000000000000000000145
3526685184,3526686463,000000000000000000000079
3526692864,3526694911,000000000000000000000145
3526703616,3526705407,000000000000000000000091
3526713600,3526714367,000000000000000000000079
3527946752,3527947007,000000000000000000000145
3527949568,3527949823,000000000000000000000091
3528081408,3528089087,000000000000000000000145
3528089344,3528089599,000000000000000000000145
3528189952,3528191999,000000000000000000000145
3528323584,3528323839,000000000000000000000091
3528455168,3528455423,000000000000000000000145
3528687616,3528700159,000000000000000000000079
3528700928,3528703999,000000000000000000000079
3545268224,3545270271,000000000000000000000081
3545275392,3545276415,000000000000000000000079
3545282560,3545296895,000000000000000000000091
3545440256,3545444351,000000000000000000000145
3545448448,3545450495,000000000000000000000145
3545452544,3545464831,000000000000000000000145
3545468928,3545473023,000000000000000000000145
3545491456,3545497599,000000000000000000000145
3545825280,3545825599,000000000000000000000091
3545826560,3545826815,000000000000000000000091
3545946112,3545954303,000000000000000000000079
3545958400,3545960447,000000000000000000000081
3545967360,3545967615,000000000000000000000079
3545967872,3545968127,000000000000000000000079
3545970176,3545970687,000000000000000000000079
3545976320,3545978879,000000000000000000000081
3546251264,3546267647,000000000000000000000145
3546376192,3546382335,000000000000000000000091
3546390528,3546392575,000000000000000000000091
3546424320,3546424351,000000000000000000000079
3546424832,3546425343,000000000000000000000091
3546443008,3546443775,000000000000000000000145
3546449408,3546449663,000000000000000000000079
3546451712,3546452223,000000000000000000000079
3546452224,3546452479,000000000000000000000091
3546458872,3546458879,000000000000000000000145
3546468608,3546469631,000000000000000000000145
3546470144,3546470399,000000000000000000000145
3548906216,3548906219,000000000000000000000079
3548906268,3548906271,000000000000000000000145
3548907168,3548907171,000000000000000000000079
3548907176,3548907183,000000000000000000000091
3548907404,3548907411,000000000000000000000145
3548991488,3548999679,000000000000000000000145
3549065216,3549066751,000000000000000000000079
3549067008,3549067023,000000000000000000000079
3549067136,3549067151,000000000000000000000079
3549067520,3549068543,000000000000000000000079
3549068800,3549068831,000000000000000000000079
3549069696,3549070055,000000000000000000000079
3549070080,3549070335,000000000000000000000079
3549070336,3549070591,000000000000000000000091
3549073408,3549074367,000000000000000000000091
3549074432,3549075967,000000000000000000000091
3549076224,3549076735,000000000000000000000091
3549076992,3549077503,000000000000000000000091
3549167616,3549175807,000000000000000000000079
3549182976,3549191167,000000000000000000000081
3549401088,3549403647,000000000000000000000091
3549407744,3549408255,000000000000000000000091
3549410304,3549411327,000000000000000000000091
3549413120,3549413375,000000000000000000000091
3549414400,3549415423,000000000000000000000091
3549419520,3549419775,000000000000000000000091
3549593621,3549594111,000000000000000000000079
3549594624,3549595135,000000000000000000000081
3549595904,3549596159,000000000000000000000079
3549597952,3549598207,000000000000000000000081
3549599232,3549599743,000000000000000000000081
3549602816,3549603071,000000000000000000000145
3549624320,3549624831,000000000000000000000091
3549675520,3549679615,000000000000000000000145
3549688576,3549688831,000000000000000000000145
3549749248,3549757439,000000000000000000000091
3549790208,3549822975,000000000000000000000145
3550208000,3550212095,000000000000000000000079
3550522624,3550522879,000000000000000000000091
3550556160,3550557183,000000000000000000000091
3550619648,3550621695,000000000000000000000091
3550642176,3550658559,000000000000000000000145
3550659584,3550660607,000000000000000000000091
3550664704,3550666751,000000000000000000000145
3550765056,3550766591,000000000000000000000145
3550822656,3550823935,000000000000000000000145
3550824448,3550825471,000000000000000000000145
3550825728,3550826495,000000000000000000000145
3550837760,3550838271,000000000000000000000091
3550838784,3550839295,000000000000000000000145
3550839808,3550840063,000000000000000000000145
3550840320,3550840831,000000000000000000000145
3550844416,3550844671,000000000000000000000079
3657439232,3657445375,000000000000000000000081
3657482240,3657498623,000000000000000000000079
3657760768,3657773567,000000000000000000000091
3657826304,3657826582,000000000000000000000091
3657841408,3657844223,000000000000000000000091
3657860096,3657860351,000000000000000000000145
3657861376,3657861631,000000000000000000000145
3657866496,3657866751,000000000000000000000145
3657869312,3657879551,000000000000000000000145
3657884160,3657885449,000000000000000000000145
3657885454,3657885576,000000000000000000000145
3657885583,3657891839,000000000000000000000145
3659434752,3659435007,000000000000000000000079
3659436544,3659436671,000000000000000000000091
3659436688,3659436799,000000000000000000000091
3661758464,3661787135,000000000000000000000091
3662086144,3662118911,000000000000000000000081
3662151680,3662184447,000000000000000000000079
3662249984,3662282751,000000000000000000000081
3662282752,3662299135,000000000000000000000079
3662352384,3662356479,000000000000000000000081
3662356480,3662360575,000000000000000000000079
3662364672,3662368767,000000000000000000000079
3662374912,3662376959,000000000000000000000079
3662379008,3662381055,000000000000000000000079
3663003648,3663025151,000000000000000000000091
3663043328,3663044095,000000000000000000000091
3663200256,3663233023,000000000000000000000145
3663308544,3663310079,000000000000000000000145
3663311872,3663313919,000000000000000000000145
3663314944,3663331327,000000000000000000000145
3664300032,3664302079,000000000000000000000145
3664303872,3664306175,000000000000000000000145
3664306176,3664310271,000000000000000000000091
3664384000,3664388095,000000000000000000000081
3664406528,3664408575,000000000000000000000081
3664414720,3664415743,000000000000000000000145
3664415744,3664419071,000000000000000000000091
3664419328,3664420863,000000000000000000000091
3664510976,3664642047,000000000000000000000079
3670110208,3670114303,000000000000000000000091
3670147072,3670171647,000000000000000000000145
3670581248,3670581759,000000000000000000000145
3670584832,3670585087,000000000000000000000145
3670595072,3670596095,000000000000000000000145
3670596352,3670601727,000000000000000000000145
3670794240,3670797823,000000000000000000000145
3670880256,3670888447,000000000000000000000079
3670895616,3670896639,000000000000000000000081
3670925312,3670927871,000000000000000000000145
3670928128,3670933503,000000000000000000000145
3671029248,3671029482,000000000000000000000091
3671029501,3671029531,000000000000000000000091
3671030272,3671030527,000000000000000000000091
3671033856,3671034111,000000000000000000000091
3671037440,3671037695,000000000000000000000091
3671037952,3671038463,000000000000000000000091
3671049216,3671049727,000000000000000000000091
3671051176,3671051263,000000000000000000000091
3671052288,3671056127,000000000000000000000091
3671056160,3671056163,000000000000000000000091
3673194752,3673195519,000000000000000000000091
3673230080,3673231359,000000000000000000000091
3673604096,3673612287,000000000000000000000145
3678953472,3678953727,000000000000000000000091
3679584256,3679649791,000000000000000000000079
3684566044,3684566047,000000000000000000000145
3684566108,3684566115,000000000000000000000091
3684567252,3684567255,000000000000000000000091
3684567472,3684567475,000000000000000000000145
3684567592,3684567595,000000000000000000000145
3684568220,3684568223,000000000000000000000091
3684568384,3684568387,000000000000000000000079
3684568616,3684568619,000000000000000000000091
3684568668,3684568675,000000000000000000000079
3684568756,3684568775,000000000000000000000079
3684569188,3684569191,000000000000000000000091
3684569252,3684569255,000000000000000000000145
3684569492,3684569495,000000000000000000000079
3684569504,3684569507,000000000000000000000079
3684569548,3684569551,000000000000000000000079
3684569556,3684569559,000000000000000000000079
3684569608,3684569611,000000000000000000000091
3684569776,3684569783,000000000000000000000145
3684589568,3684589611,000000000000000000000079
3684589620,3684589823,000000000000000000000079
3688648704,3688656895,000000000000000000000091
3688726528,3688738815,000000000000000000000145
3688742912,3688747007,000000000000000000000145
3689250816,3689267199,000000000000000000000091
3689558016,3689562111,000000000000000000000145
3690195456,3690195711,000000000000000000000145
3690199552,3690199807,000000000000000000000079
3690200064,3690200319,000000000000000000000091
3698360320,3698376703,000000000000000000000145
3698441216,3698447359,000000000000000000000091
3698540544,3698552831,000000000000000000000145
3701473280,3701498879,000000000000000000000091
3701664768,3701667839,000000000000000000000091
3701915648,3701955071,000000000000000000000145
3703046144,3703111679,000000000000000000000079
3703177216,3703242751,000000000000000000000081
3703427072,3703429119,000000000000000000000079
3703435264,3703437311,000000000000000000000081
3703439360,3703504895,000000000000000000000081
3703504896,3703541759,000000000000000000000079
3703543808,3703547903,000000000000000000000079
3703548928,3703549951,000000000000000000000081
3703552000,3703553023,000000000000000000000079
3703553536,3703556607,000000000000000000000079
3703557120,3703559167,000000000000000000000081
3703566336,3703568895,000000000000000000000079
3703586816,3703588863,000000000000000000000091
3703599104,3703603199,000000000000000000000079
3703613440,3703615487,000000000000000000000145
3703783424,3703791103,000000000000000000000079
3703791104,3703793663,000000000000000000000081
3703908096,3703908351,000000000000000000000145
3703910912,3703912447,000000000000000000000145
3703916800,3703943167,000000000000000000000145
3704094720,3704111103,000000000000000000000091
3704348928,3704349183,000000000000000000000079
3704430592,3704432639,000000000000000000000145
3704449024,3704450559,000000000000000000000091
3704463360,3704466431,000000000000000000000079
3704466432,3704467455,000000000000000000000145
3704475648,3704479743,000000000000000000000079
3704524800,3704525055,000000000000000000000079
3704548096,3704549119,000000000000000000000079
3704549120,3704549375,000000000000000000000091
3704567808,3704570879,000000000000000000000091
3704582144,3704586239,000000000000000000000079
3704596480,3704598527,000000000000000000000145
3707273216,3707280639,000000000000000000000145
3707346944,3707355135,000000000000000000000091
3707371520,3707383039,000000000000000000000091
3707383552,3707387903,000000000000000000000091
3708420096,3708422143,000000000000000000000145
3708422912,3708423935,000000000000000000000145
3708424192,3708424447,000000000000000000000145
3708424704,3708425215,000000000000000000000145
3708426240,3708427007,000000000000000000000145
3708427264,3708428031,000000000000000000000145
3708428288,3708428543,000000000000000000000145
3708429568,3708430335,000000000000000000000145
3708430592,3708430847,000000000000000000000145
3708431360,3708433919,000000000000000000000145
3708434176,3708436991,000000000000000000000145
3708440320,3708440575,000000000000000000000145
3708440832,3708441087,000000000000000000000145
3708481280,3708481535,000000000000000000000145
3708483584,3708483839,000000000000000000000145
3708484397,3708485631,000000000000000000000145
3708551168,3708559359,000000000000000000000079
3708567552,3708571647,000000000000000000000081
3708592383,3708593151,000000000000000000000079
3708593152,3708594175,000000000000000000000081
3708594176,3708597247,000000000000000000000079
3716399360,3716400127,000000000000000000000079
3716404224,3716404735,000000000000000000000081
3716405760,3716407295,000000000000000000000079
3716407296,3716407807,000000000000000000000081
3716407808,3716408063,000000000000000000000079
3716409344,3716409855,000000000000000000000081
3716410112,3716410879,000000000000000000000079
3716410880,3716411391,000000000000000000000081
3716411904,3716412927,000000000000000000000079
3716413440,3716414463,000000000000000000000081
3716414464,3716415487,000000000000000000000079
3719303692,3719303695,000000000000000000000145
3719303860,3719303863,000000000000000000000145
3719304416,3719304423,000000000000000000000079
3719395328,3719397375,000000000000000000000145
3719692288,3719716863,000000000000000000000145
3719718144,3719718911,000000000000000000000145
3719719936,3719720959,000000000000000000000145
3719721984,3719722239,000000000000000000000145
3719723008,3719725055,000000000000000000000145
3720523792,3720523807,000000000000000000000145
3723231232,3723239423,000000000000000000000145
3723291648,3723292927,000000000000000000000145
3723296768,3723345919,000000000000000000000145
3725721600,3725737983,000000000000000000000145
3725746176,3725787135,000000000000000000000145
3725797376,3725803519,000000000000000000000145
3725812736,3725815807,000000000000000000000145
3727556608,3727557119,000000000000000000000079
3727557376,3727557631,000000000000000000000081
3727560704,3727564799,000000000000000000000079
3727572992,3727577087,000000000000000000000081
3727587328,3727588095,000000000000000000000079
3727593472,3727596287,000000000000000000000079
3727605248,3727609855,000000000000000000000079
3727609856,3727611903,000000000000000000000081
3727613952,3727615999,000000000000000000000081
3727622176,3727630335,000000000000000000000091
3727653120,3727663103,000000000000000000000091
3727674368,3727675391,000000000000000000000091
3727679744,3727685631,000000000000000000000091
3728016128,3728016895,000000000000000000000145
3728019456,3728023551,000000000000000000000145
3728030720,3728031743,000000000000000000000145
3728040960,3728041983,000000000000000000000145
3728045056,3728045567,000000000000000000000145
3728047360,3728048152,000000000000000000000145
3728053760,3728064511,000000000000000000000145
3728074496,3728075263,000000000000000000000145
3728076804,3728077055,000000000000000000000145
3728077165,3728077212,000000000000000000000145
3728079130,3728079871,000000000000000000000145
3728576512,3728580607,000000000000000000000079
3728584704,3728588799,000000000000000000000081
3729522688,3729555455,000000000000000000000091
3729633280,3729637375,000000000000000000000091
3729719296,3729735679,000000000000000000000091
3737387008,3737391103,000000000000000000000145
3737399296,3737403391,000000000000000000000145
3737411584,3737423871,000000000000000000000145
3737427968,3737480191,000000000000000000000145
3737480448,3737501695,000000000000000000000145
3737515264,3737518079,000000000000000000000145
3737522176,3737526271,000000000000000000000145
3737976832,3738009599,000000000000000000000079
3738238976,3738370047,000000000000000000000145
3738386176,3738503679,000000000000000000000145
3738504704,3738504959,000000000000000000000145
3741581312,3741843455,000000000000000000000079
3746889728,3746893823,000000000000000000000145
3746897920,3746902015,000000000000000000000145
3746906112,3746914303,000000000000000000000145
3746922496,3746977791,000000000000000000000145
3746979840,3747039231,000000000000000000000145
3747041280,3747086335,000000000000000000000145
3747348480,3747414015,000000000000000000000081
3747446784,3747463167,000000000000000000000079
3747561472,3747569663,000000000000000000000079
3747569664,3747577855,000000000000000000000081
3748134912,3748135679,000000000000000000000145
3748135936,3748136447,000000000000000000000145
3748137216,3749052415,000000000000000000000145
3749707776,3749740543,000000000000000000000145
3749744640,3749748735,000000000000000000000145
3749752832,3749806079,000000000000000000000145
3754950656,3754958847,000000000000000000000145
3757883392,3757891583,000000000000000000000079
